226.3544 366.37222
225.35635 407.20847
230.02151 448.70346
238.36194 488.6036
250.56009 527.9226
272.21652 560.6453
301.81384 587.56494
336.81766 608.14075
376.52563 615.36194
418.35574 610.75037
456.86682 591.75903
490.14734 566.5822
516.2569 535.0775
532.7147 498.78574
544.12476 460.6489
551.6843 419.02438
554.5371 376.31754
244.32253 326.1645
262.7666 303.7863
293.49655 296.76083
325.34384 300.67773
355.1699 314.86194
404.4067 317.16382
436.42828 304.13388
470.3932 302.73413
502.69687 312.30765
524.8995 336.35416
381.48456 359.58353
380.077 384.6472
378.42914 409.22934
376.7447 434.99454
346.53616 461.09372
361.29407 464.9194
376.81332 468.8317
393.35474 467.0734
408.66452 464.68616
278.59247 361.8205
296.1204 353.9982
316.84174 356.21658
337.71762 370.28354
315.18857 372.4243
293.68735 370.67566
426.41693 375.11887
446.9003 362.6962
468.31165 363.2935
487.27142 373.3681
468.94003 380.06427
446.53195 379.3668
318.9747 516.9487
338.93637 499.20004
360.89435 490.429
375.83734 494.9028
390.57605 492.19626
412.74 503.46808
436.12265 522.83594
412.40118 539.7695
390.22498 545.3996
374.018 545.1107
357.37164 542.35345
337.26184 534.31683
330.34897 517.5728
359.75397 511.3305
375.1878 512.8596
390.25775 513.4959
424.59714 522.0775
390.3988 519.3493
375.16553 520.12384
359.50726 517.48224
